0시 - - - - - 0.00 0.00 0.0 24.6 2.2
1시 - - - - - 0.00 0.00 0.0 24.8 2.0
2시 - - - - - 0.00 0.00 0.0 25.0 4.0
3시 0.00 0.00 0.0 24.1 3.5 0.00 0.00 0.0 24.5 6.1
4시 0.00 0.00 0.0 24.1 3.1 0.00 0.00 0.0 24.6 5.0
5시 0.00 0.00 0.0 23.7 3.0 0.00 0.00 0.0 24.2 3.4
6시 0.00 0.00 0.1 23.3 2.5 0.00 0.00 0.2 23.8 3.5
7시 0.00 0.00 1.2 23.2 3.1 0.00 0.00 5.5 23.8 4.1
8시 0.00 0.00 7.1 23.1 2.9 0.01 0.01 36.0 23.9 3.8
9시 0.01 0.01 25.0 22.8 3.4 0.03 0.04 128.1 24.4 4.0
10시 0.02 0.03 75.6 23.2 3.8 0.10 0.14 446.9 25.8 4.6
11시 0.03 0.06 114.4 23.6 2.6 0.18 0.32 815.0 27.4 5.0
12시 0.02 0.08 76.1 23.6 3.7 0.21 0.53 948.2 28.0 4.7
13시 - - - - - 0.21 0.74 968.6 28.2 4.5
14시 - - - - - 0.21 0.95 953.9 28.3 4.1
15시 0.02 0.10 95.8 23.6 3.4 0.19 1.14 884.1 28.2 4.2
16시 0.02 0.12 94.6 24.1 3.1 0.16 1.30 762.1 27.8 4.3
17시 0.02 0.14 80.6 24.3 2.9 0.11 1.41 581.9 27.1 4.0
18시 0.01 0.15 85.5 24.6 1.9 0.06 1.47 361.3 25.9 3.9
19시 0.00 0.15 34.7 24.3 1.8 0.01 1.48 155.9 24.5 3.2
20시 0.00 0.15 9.4 24.0 1.5 0.00 1.48 19.4 24.0 2.6
21시 0.00 0.15 0.0 23.8 1.8 0.00 1.48 0.0 23.2 2.5
22시 0.00 0.15 0.0 24.1 2.1 0.00 1.48 0.0 22.5 2.3
23시 0.00 0.15 0.0 24.4 1.5 0.00 1.48 0.0 22.0 2.5